Taxonomy	Eurotiomycetes	Sordariomycetes	Agaricomycetes	Dothideomycetes	Mortierellomycotina_cls_Incertae_sedis	Tremellomycetes	Leotiomycetes	Pezizomycotina_cls_Incertae_sedis	Mucoromycotina_cls_Incertae_sedis	Chytridiomycetes	Others
CK1	0.130576181971988	0.298561894914937	0.201503900742545	0.0911739825171541	0.0303223987216844	0.0119936084218442	0.0466209230190808	0.0112604568098506	0.00729391860137232	0.00272582009587367	0.16796691418367
CK2	0.543145161290351	0.116330645161289	0.0731630824372756	0.0539426523297491	0.00987903225806451	0.00416666666666667	0.0514784946236559	0.0078853046594982	0.00490591397849462	0.00707885304659498	0.128024193548361
CK3	0.34853102523466	0.352205639051905	0.0711063896483866	0.0515316695982305	0.0141237526340537	0.00734922763448912	0.00867278521795161	0.0105884606676999	0.018181501541248	0.00161961651660542	0.11608993225477
JXBR161	0.424751783559482	0.148485297542181	0.124372843321973	0.0607997967694817	0.0635095370154753	0.0179943688210513	0.0214450536655588	0.0175921417532867	0.0238584160721469	0.000486906450451976	0.0967038550289112
JXBR162	0.486066969015212	0.223964099084626	0.025961504124558	0.044019093192396	0.0219738361366044	0.0649454225142547	0.0223428442190717	0.0185456320156173	0.0266042923972431	0.00057136735349784	0.0650049399469187
JXBR163	0.74400080084664	0.0849326430798268	0.0979607013128155	0.0140863198238138	0.00384692389097046	0.0124846266052684	0.00589194291107742	0.00483368132025284	0.00806566942196036	0.000600634956954495	0.0232960558304198
RW371	0.250416836488942	0.204323983845272	0.159879951091186	0.105691207528993	0.100374226536737	0.00942976768313017	0.0147652747415614	0.0238800992997147	0.012486568602023	0.0123383600726222	0.106413724109819
RW372	0.152040852638691	0.29321020604249	0.10663321589979	0.0793566065264583	0.0735916871285721	0.00957261307426782	0.0139852674282054	0.0192341909540586	0.0110494288459486	0.0153197395110494	0.226006191950469
RW373	0.00948358524972702	0.739614337894988	0.00328682995504858	0.0251805539389304	0.0032314028057223	6.65125791915396e-05	0.046137559099198	0.0231796338482515	5.5427149326283e-06	0.015702511404136	0.134111530509874
R37J161	0.322911719953862	0.230764757760488	0.0688194760764849	0.0490390858959322	0.0749251330160972	0.0381652016320517	0.0274948392661583	0.0175901068974541	0.0458893422366087	0.0069003614936569	0.117499975771206
R37J162	0.185244354990876	0.295062582552364	0.073300207560223	0.145241839109376	0.00213849927668407	0.0243537329391786	0.0285300962324675	0.0476759544625449	0.00242782564941191	0.00428957796087804	0.191735329265996
R37J163	0.590798924778551	0.140057873940572	0.0614873896502591	0.0378824600831386	0.0345627873499904	0.0146447509511009	0.00969461948618515	0.00781445085856136	0.00788789494557792	0.00396598069889393	0.0912028672571696
Tax_detail	k__Fungi;p__Ascomycota;c__Eurotiomycetes;	k__Fungi;p__Ascomycota;c__Sordariomycetes;	k__Fungi;p__Basidiomycota;c__Agaricomycetes;	k__Fungi;p__Ascomycota;c__Dothideomycetes;	k__Fungi;p__Zygomycota;c__Mortierellomycotina_cls_Incertae_sedis;	k__Fungi;p__Basidiomycota;c__Tremellomycetes;	k__Fungi;p__Ascomycota;c__Leotiomycetes;	k__Fungi;p__Ascomycota;c__Pezizomycotina_cls_Incertae_sedis;	k__Fungi;p__Zygomycota;c__Mucoromycotina_cls_Incertae_sedis;	k__Fungi;p__Chytridiomycota;c__Chytridiomycetes;	k__All
