Taxonomy	Bacteria	Archaea	Others
CK1	0.955257336675732	0.0115617165609792	0.0331809467632884
CK2	0.95789694043935	0.0147427317190761	0.0273603278415743
CK3	0.971904006005045	0.00541119617150051	0.0226847978234541
JXBR161	0.959675596795002	0.00470720415318753	0.0356171990518106
JXBR162	0.979389694279703	0.00534131029550331	0.0152689954247935
JXBR163	0.97017262781097	0.00396206806962847	0.0258653041194019
RW371	0.984362964103885	0.00249062804909362	0.0131464078470209
RW372	0.982144402074046	0.00325433745283207	0.0146012604731215
RW373	0.969528514257532	0.00126938469234617	0.0292021010501214
R37J161	0.973421247086691	0.00349002444153925	0.0230887284717697
R37J162	0.966129531850079	0.00473984858416833	0.0291306195657524
R37J163	0.979452792175218	0.00334507313021947	0.0172021346945629
Tax_detail	k__Bacteria;	k__Archaea;	Others
