Taxonomy	Proteobacteria	Acidobacteria	Chloroflexi	Actinobacteria	Bacteroidetes	Saccharibacteria	Gemmatimonadetes	Nitrospirae	Cyanobacteria	Verrucomicrobia	Others
CK1	0.258260826820052	0.186078749446997	0.186825935211143	0.100781595634867	0.104547018630488	0.029936587523964	0.0238509561028361	0.00644939291156665	0.00723590424224552	0.00556456766455293	0.0904684658112879
CK2	0.282744533326592	0.172522948292603	0.178492359027394	0.138679370959863	0.0548538731389204	0.0225835305163127	0.0267703648255165	0.00860838508725745	0.016626807158218	0.00529697976997786	0.092820847897345
CK3	0.278660963536994	0.137000226769786	0.168005129688861	0.189978339576024	0.0643713394274464	0.0425701617885102	0.0273453078204299	0.00401929889039201	0.0147791340522196	0.0042929865580257	0.0689771118913113
JXBR161	0.28822424113281	0.23313897552123	0.0973532469377384	0.0940536840813882	0.0622655276394901	0.0352426889823014	0.0536130536130549	0.03265340384454	0.00169820945444214	0.0141086983192246	0.0876482704737804
JXBR162	0.389285592652684	0.160869367784119	0.082015507396098	0.106207499404	0.0708901426998306	0.0192593685787914	0.0529419778173843	0.0231645986354397	0.00179935745342673	0.0234540851658018	0.0701125024124244
JXBR163	0.234202245893624	0.179527149909094	0.117339280043886	0.166955341935871	0.0595031898617244	0.0662437573973038	0.0494067723218151	0.0169235876562455	0.00267024624000461	0.0133656649634825	0.0938627637769491
RW371	0.329641041441959	0.103861757304991	0.135284753248093	0.150968006984038	0.0696246084321882	0.0678375186155185	0.062075694551429	0.00591074821547785	0.0176962974374774	0.0025008986802239	0.0545986750886043
RW372	0.409840211365621	0.088978510724668	0.117069632173346	0.108018714104121	0.074370595164412	0.0678352999114863	0.06579884334591	0.00636891808253637	0.00741376671258674	0.00165046153027066	0.0526550468850419
RW373	0.342502501250575	0.152907703851915	0.137231115557776	0.11861555777889	0.0705040020009992	0.0443596798399188	0.0599237118559262	0.00490870435217609	0.00704102051025513	0.0022136068034017	0.059792396198167
R37J161	0.313817995793741	0.132490194963912	0.17751946797021	0.148837605865966	0.0469789120672986	0.0481157278463019	0.0438299323594604	0.00658784743932248	0.00762234979821522	0.00295572102540784	0.0712442448701645
R37J162	0.303602428992301	0.117566973772355	0.201018563206395	0.116169510815928	0.045734496445114	0.0669341535624503	0.0439480489544246	0.00601485344647499	0.0264365414952854	0.00280933274745539	0.0697650965618164
R37J163	0.379185186324406	0.116931452915209	0.131711293274477	0.128973716183999	0.0502453053628821	0.06527890989065	0.047546177388843	0.00639024315221236	0.0127497270112733	0.00241460451238831	0.0585733839836599
Tax_detail	k__Bacteria;p__Proteobacteria;	k__Bacteria;p__Acidobacteria;	k__Bacteria;p__Chloroflexi;	k__Bacteria;p__Actinobacteria;	k__Bacteria;p__Bacteroidetes;	k__Bacteria;p__Saccharibacteria;	k__Bacteria;p__Gemmatimonadetes;	k__Bacteria;p__Nitrospirae;	k__Bacteria;p__Cyanobacteria;	k__Bacteria;p__Verrucomicrobia;	k__All
