Taxonomy	Subgroup 6	Sphingomonadales	Burkholderiales	Pseudomonadales	Acidobacteriales	Sphingobacteriales	Gemmatimonadales	Subgroup 4	Rhizobiales	Xanthomonadales	Others
CK1	0.0207540677382881	0.020203509806813	0.0268888561175832	0.00310671975618149	0.0698618689475506	0.0491962837339619	0.0236838224450669	0.00716708450081113	0.0426092513395265	0.0304379884972716	0.706090547116946
CK2	0.0315979116577956	0.0206550492587398	0.0366792060239665	0.00940768981901458	0.0549807469058664	0.039470428896769	0.0265927415517927	0.00789154830401494	0.044374099989216	0.0292761217226917	0.699074455870133
CK3	0.021097409350735	0.0389887631663321	0.0445798112337064	0.000867980888781152	0.0361502310705885	0.0537835365138455	0.0269386861428027	0.00944613435718584	0.0585300626353783	0.0250697903552468	0.684547594285398
JXBR161	0.127669191381108	0.0410088526432023	0.0322530654940632	0.0280817981649007	0.000774848420277783	0.0442955013592141	0.0505136599319436	0.0608837146233284	0.0284885935855469	0.0379094589620913	0.548121315434324
JXBR162	0.0896783861409768	0.0343978112547819	0.0405110856312503	0.076958007424478	0.000777640287443096	0.0432299885340623	0.0474020002951621	0.0317356704167467	0.0331206647973022	0.0515115737850072	0.550677171432789
JXBR163	0.0722482029964518	0.0262622326145319	0.0361277099390894	0.00292283710054559	0.000663953119136283	0.0413527323114228	0.0474798648999739	0.0614445310470251	0.0443477382292658	0.0270488727230738	0.640101325019484
RW371	0.0116623016484363	0.0979047912494231	0.0889950187439032	0.000344066142864479	0.0462024341395771	0.0680069840291684	0.0618446053509976	0.00736404252041289	0.0402249268217525	0.0256611718790116	0.551789657474453
RW372	0.0131837269817186	0.104930753821682	0.0991807588129961	0.000771990070610471	0.0288165259115807	0.0639487292111715	0.0654927093523921	0.0096565309694465	0.0604348433725308	0.0379672702830403	0.515616161212831
RW373	0.0297148574287147	0.0716358179089545	0.0944659829914952	0.000862931465732867	0.053626813406702	0.0652513756878425	0.0595235117558762	0.0237993996998501	0.0449349674837406	0.0283516758379192	0.527832666333172
R37J161	0.0212072983573008	0.0549423065992151	0.0866367305178227	0.00181890524640482	0.0450576934007839	0.0400045472631153	0.0437503552549301	0.010185869379867	0.0494685386233154	0.0221679076905585	0.624759847666686
R37J162	0.0151487865843557	0.0560858071068918	0.0811536993149541	0.000777969068526109	0.0467717885364822	0.0389200636782093	0.0437967771911001	0.012757252040368	0.0486662872866893	0.0334094494428157	0.622512119749608
R37J163	0.0209163193429814	0.0777364236169846	0.0818197197828382	0.00159179342058719	0.0386567416680761	0.0405791974900412	0.046938681349102	0.0118653973331693	0.0552821396164309	0.0396025899324828	0.585010996447306
Tax_detail	k__Bacteria;p__Acidobacteria;c__Acidobacteria;o__Subgroup 6;	k__Bacteria;p__Proteobacteria;c__Alphaproteobacteria;o__Sphingomonadales;	k__Bacteria;p__Proteobacteria;c__Betaproteobacteria;o__Burkholderiales;	k__Bacteria;p__Proteobacteria;c__Gammaproteobacteria;o__Pseudomonadales;	k__Bacteria;p__Acidobacteria;c__Acidobacteria;o__Acidobacteriales;	k__Bacteria;p__Bacteroidetes;c__Sphingobacteriia;o__Sphingobacteriales;	k__Bacteria;p__Gemmatimonadetes;c__Gemmatimonadetes;o__Gemmatimonadales;	k__Bacteria;p__Acidobacteria;c__Acidobacteria;o__Subgroup 4;	k__Bacteria;p__Proteobacteria;c__Alphaproteobacteria;o__Rhizobiales;	k__Bacteria;p__Proteobacteria;c__Gammaproteobacteria;o__Xanthomonadales;	k__All
