Taxonomy	Acidobacteria	Alphaproteobacteria	Gammaproteobacteria	Betaproteobacteria	JG37-AG-4	Actinobacteria	Sphingobacteriia	Gemmatimonadetes	Ktedonobacteria	Thermoleophilia	Others
CK1	0.168431401464888	0.092739517278674	0.0429140244801646	0.0911370004424162	0.0824853758049482	0.0409969031116348	0.0491962837339619	0.0238509561028361	0.0404660079634266	0.0226416949319173	0.345140834685132
CK2	0.152622797947188	0.0950728572606658	0.0495315186155536	0.100985174800329	0.0663676674892313	0.0624345807139191	0.039470428896769	0.0267703648255165	0.0307224826658711	0.0255143145327551	0.350507812252202
CK3	0.106980599454191	0.127733944308472	0.0342031388065659	0.0886591650180264	0.0513125278574956	0.0915367953520028	0.0537835365138455	0.0273453078204299	0.0387932719751654	0.0463939694877359	0.33325774340607
JXBR161	0.212579664103195	0.0828377531978668	0.0786923141493801	0.0927041564160717	6.45707016898153e-06	0.0468137587251168	0.0442955013592141	0.0536130536130549	0.00171758066494909	0.0154323977038658	0.371307362997117
JXBR162	0.137687740529249	0.0874306083758116	0.145015723091944	0.116538195193391	5.67620647768683e-06	0.0434456843802145	0.0432299885340623	0.0529419778173843	0.00173691918217217	0.0182376514128077	0.353729835276486
JXBR163	0.159918882249377	0.0847117577437179	0.0359833723044946	0.0823590542998232	4.33012903784533e-05	0.0753875465488888	0.0413527323114228	0.0494067723218151	0.00197020871221962	0.0172772148610028	0.45158915735686
RW371	0.0842397165305839	0.156509012478823	0.031633543881271	0.118831202177377	0.0562317054382979	0.0960971601704943	0.0680069840291684	0.062075694551429	0.0461818928773163	0.0330714322395102	0.247121655625729
RW372	0.0721544512548136	0.190661582180333	0.0511044116570491	0.134818748710571	0.0493873992586221	0.0604215331988995	0.0639487292111715	0.06579884334591	0.030493607789114	0.0291958658600705	0.252014827533446
RW373	0.131722111055526	0.136011755877935	0.0369684842421206	0.137625062531261	0.0461293146573266	0.0743059029514757	0.0652513756878425	0.0599237118559262	0.0356490745372684	0.025393946973487	0.251019259629831
R37J161	0.10666742454386	0.126328653441715	0.0302904564315348	0.128977434206792	0.0723583243335446	0.0908656852157138	0.0400045472631153	0.0438299323594604	0.0475927925879603	0.0305121355084404	0.282572614107863
R37J162	0.102101236826748	0.127183535869415	0.0434798268298485	0.113871620696857	0.101229623333308	0.0627849851969782	0.0389200636782093	0.0439480489544246	0.0464116176714239	0.0312916447562722	0.288777796186515
R37J163	0.0940234693406724	0.170029682717888	0.0521677611848471	0.125966995278446	0.0443856600175322	0.0731379092908434	0.0405791974900412	0.047546177388843	0.031874317528183	0.0300825887021115	0.290206241060592
Tax_detail	k__Bacteria;p__Acidobacteria;c__Acidobacteria;	k__Bacteria;p__Proteobacteria;c__Alphaproteobacteria;	k__Bacteria;p__Proteobacteria;c__Gammaproteobacteria;	k__Bacteria;p__Proteobacteria;c__Betaproteobacteria;	k__Bacteria;p__Chloroflexi;c__JG37-AG-4;	k__Bacteria;p__Actinobacteria;c__Actinobacteria;	k__Bacteria;p__Bacteroidetes;c__Sphingobacteriia;	k__Bacteria;p__Gemmatimonadetes;c__Gemmatimonadetes;	k__Bacteria;p__Chloroflexi;c__Ktedonobacteria;	k__Bacteria;p__Actinobacteria;c__Thermoleophilia;	k__All
